Date          NingDu      ShiCheng    FenKeng
2003-01-01    51.7        14.1        171.0   
2003-01-02    52.4        15.1        169.0   
2003-01-03    59.5        16.6        175.0   
2003-01-04    56.6        13.9        178.0   
2003-01-05    53.0        14.3        176.0   
2003-01-06    52.3        15.7        168.0   
2003-01-07    62.5        21.7        196.0   
2003-01-08    68.1        16.4        229.0   
2003-01-09    62.3        17.5        225.0   
2003-01-10    58.5        15.1        192.0   
2003-01-11    56.5        14.0        193.0   
2003-01-12    54.8        13.1        182.0   
2003-01-13    50.5        13.2        176.0   
2003-01-14    48.7        12.6        168.0   
2003-01-15    40.9        13.2        170.0   
2003-01-16    37.8        16.1        152.0   
2003-01-17    39.9        14.6        147.0   
2003-01-18    44.3        13.5        148.0   
2003-01-19    45.3        12.9        153.0   
2003-01-20    44.4        11.3        144.0   
2003-01-21    43.4        11.9        143.0   
2003-01-22    44.1        11.2        138.0   
2003-01-23    44.4        11.4        140.0   
2003-01-24    43.9        9.9         138.0   
2003-01-25    49.8        13.0        140.0   
2003-01-26    92.6        82.6        325.0   
2003-01-27    89.3        41.2        545.0   
2003-01-28    66.6        25.9        344.0   
2003-01-29    53.8        22.2        252.0   
2003-01-30    49.5        18.1        212.0   
2003-01-31    44.7        18.0        192.0   
2003-02-01    44.0        15.6        176.0   
2003-02-02    43.9        15.2        171.0   
2003-02-03    42.9        15.0        161.0   
2003-02-04    44.6        15.8        159.0   
2003-02-05    42.6        15.2        155.0   
2003-02-06    40.6        13.9        150.0   
2003-02-07    39.5        15.4        144.0   
2003-02-08    39.9        15.7        142.0   
2003-02-09    39.1        15.6        140.0   
2003-02-10    40.2        14.9        138.0   
2003-02-11    37.9        13.8        134.0   
2003-02-12    40.0        17.2        133.0   
2003-02-13    48.4        23.2        147.0   
2003-02-14    74.1        32.4        201.0   
2003-02-15    69.0        29.3        233.0   
2003-02-16    103.0       40.9        264.0   
2003-02-17    83.5        22.6        275.0   
2003-02-18    61.3        20.2        241.0   
2003-02-19    55.2        17.4        206.0   
2003-02-20    52.1        16.1        199.0   
2003-02-21    47.3        16.3        187.0   
2003-02-22    45.4        15.0        178.0   
2003-02-23    41.9        13.0        165.0   
2003-02-24    40.4        13.5        160.0   
2003-02-25    40.3        12.8        157.0   
2003-02-26    38.7        12.0        149.0   
2003-02-27    37.7        13.2        146.0   
2003-02-28    36.4        12.0        145.0   
2003-03-01    37.5        11.6        141.0   
2003-03-02    38.1        11.3        140.0   
2003-03-03    37.9        11.5        140.0   
2003-03-04    54.0        17.7        142.0   
2003-03-05    76.5        27.1        190.0   
2003-03-06    110.0       19.7        229.0   
2003-03-07    83.2        15.4        227.0   
2003-03-08    59.9        13.7        195.0   
2003-03-09    52.7        11.1        159.0   
2003-03-10    49.1        11.4        142.0   
2003-03-11    44.8        10.9        135.0   
2003-03-12    49.0        13.8        140.0   
2003-03-13    59.3        19.6        174.0   
2003-03-14    54.0        13.7        177.0   
2003-03-15    49.2        11.7        154.0   
2003-03-16    48.2        11.2        141.0   
2003-03-17    43.9        9.71        133.0   
2003-03-18    43.6        10.1        129.0   
2003-03-19    64.8        22.7        142.0   
2003-03-20    92.7        27.0        202.0   
2003-03-21    66.5        18.3        241.0   
2003-03-22    51.9        14.4        204.0   
2003-03-23    50.9        16.2        185.0   
2003-03-24    48.3        13.8        175.0   
2003-03-25    42.8        11.6        166.0   
2003-03-26    39.7        10.6        148.0   
2003-03-27    37.6        9.43        139.0   
2003-03-28    38.0        9.34        130.0   
2003-03-29    38.6        9.19        135.0   
2003-03-30    35.7        8.75        133.0   
2003-03-31    35.3        8.73        133.0   
2003-04-01    32.6        9.2         127.0   
2003-04-02    34.8        12.6        127.0   
2003-04-03    45.4        19.5        153.0   
2003-04-04    82.4        36.1        307.0   
2003-04-05    73.8        21.4        371.0   
2003-04-06    50.7        15.2        280.0   
2003-04-07    65.6        24.1        229.0   
2003-04-08    71.8        17.4        247.0   
2003-04-09    83.5        24.2        256.0   
2003-04-10    139.0       23.9        285.0   
2003-04-11    107.0       32.7        415.0   
2003-04-12    98.5        27.6        465.0   
2003-04-13    158.0       114.0       456.0   
2003-04-14    227.0       70.8        761.0   
2003-04-15    125.0       38.8        540.0   
2003-04-16    89.2        27.6        359.0   
2003-04-17    73.6        25.6        288.0   
2003-04-18    67.5        21.9        247.0   
2003-04-19    59.2        21.0        216.0   
2003-04-20    54.7        18.4        193.0   
2003-04-21    52.6        15.9        181.0   
2003-04-22    50.4        14.7        172.0   
2003-04-23    47.9        13.1        157.0   
2003-04-24    43.2        12.8        149.0   
2003-04-25    42.0        16.8        157.0   
2003-04-26    41.8        14.3        175.0   
2003-04-27    40.1        13.1        153.0   
2003-04-28    37.5        11.4        136.0   
2003-04-29    35.9        10.8        129.0   
2003-04-30    41.9        11.9        130.0   
2003-05-01    41.8        11.7        126.0   
2003-05-02    35.7        9.54        122.0   
2003-05-03    35.8        10.0        123.0   
2003-05-04    42.8        13.8        126.0   
2003-05-05    42.3        12.9        140.0   
2003-05-06    37.2        12.0        131.0   
2003-05-07    38.8        14.6        132.0   
2003-05-08    75.9        27.5        169.0   
2003-05-09    51.1        14.7        228.0   
2003-05-10    40.9        12.0        172.0   
2003-05-11    37.4        58.9        158.0   
2003-05-12    35.5        24.3        203.0   
2003-05-13    35.1        15.9        201.0   
2003-05-14    32.7        19.7        178.0   
2003-05-15    43.3        44.2        262.0   
2003-05-16    515.0       318.0       454.0   
2003-05-17    1080.0      169.0       2420.0  
2003-05-18    362.0       73.6        1500.0  
2003-05-19    211.0       44.2        708.0   
2003-05-20    145.0       38.5        480.0   
2003-05-21    120.0       33.0        373.0   
2003-05-22    125.0       45.8        351.0   
2003-05-23    179.0       41.6        382.0   
2003-05-24    162.0       54.2        407.0   
2003-05-25    142.0       37.5        400.0   
2003-05-26    114.0       29.8        346.0   
2003-05-27    96.8        25.2        287.0   
2003-05-28    85.1        22.7        241.0   
2003-05-29    79.9        20.1        224.0   
2003-05-30    75.6        19.2        213.0   
2003-05-31    71.0        18.4        207.0   
2003-06-01    66.0        16.8        189.0   
2003-06-02    60.1        16.1        180.0   
2003-06-03    58.9        18.5        171.0   
2003-06-04    60.0        22.4        183.0   
2003-06-05    60.8        21.0        172.0   
2003-06-06    88.8        50.4        218.0   
2003-06-07    129.0       51.1        362.0   
2003-06-08    98.4        43.7        345.0   
2003-06-09    91.2        46.7        290.0   
2003-06-10    78.4        36.1        266.0   
2003-06-11    111.0       35.3        243.0   
2003-06-12    180.0       45.0        315.0   
2003-06-13    117.0       24.5        360.0   
2003-06-14    129.0       38.0        292.0   
2003-06-15    127.0       32.2        294.0   
2003-06-16    96.1        25.2        278.0   
2003-06-17    80.9        21.6        211.0   
2003-06-18    68.3        16.3        189.0   
2003-06-19    61.1        16.8        166.0   
2003-06-20    67.3        20.5        171.0   
2003-06-21    62.5        28.6        149.0   
2003-06-22    64.8        35.8        155.0   
2003-06-23    68.6        31.8        173.0   
2003-06-24    61.7        23.4        174.0   
2003-06-25    53.9        20.2        163.0   
2003-06-26    49.9        22.1        146.0   
2003-06-27    57.2        23.2        153.0   
2003-06-28    68.7        25.4        164.0   
2003-06-29    86.2        23.0        177.0   
2003-06-30    84.0        17.5        172.0   
2003-07-01    60.2        16.3        162.0   
2003-07-02    52.7        12.9        133.0   
2003-07-03    45.8        13.8        118.0   
2003-07-04    40.4        13.4        110.0   
2003-07-05    36.5        11.2        104.0   
2003-07-06    32.9        12.0        96.5    
2003-07-07    31.1        10.8        90.9    
2003-07-08    29.7        11.6        88.6    
2003-07-09    24.6        11.3        86.0    
2003-07-10    27.6        10.9        78.0    
2003-07-11    23.1        12.3        80.0    
2003-07-12    21.2        10.8        74.9    
2003-07-13    20.2        11.2        69.7    
2003-07-14    18.5        10.2        68.3    
2003-07-15    17.3        9.57        61.5    
2003-07-16    15.8        9.51        59.7    
2003-07-17    16.0        10.2        57.3    
2003-07-18    16.0        7.9         52.8    
2003-07-19    15.1        9.13        55.9    
2003-07-20    14.7        8.33        51.2    
2003-07-21    14.1        8.15        44.3    
2003-07-22    13.7        8.58        49.5    
2003-07-23    13.7        7.76        48.8    
2003-07-24    13.5        6.58        45.2    
2003-07-25    13.6        6.61        47.1    
2003-07-26    13.7        6.56        48.8    
2003-07-27    13.7        6.3         45.4    
2003-07-28    13.1        6.77        42.3    
2003-07-29    12.2        6.9         42.6    
2003-07-30    12.3        5.97        42.1    
2003-07-31    12.3        6.01        43.1    
2003-08-01    12.1        5.85        40.0    
2003-08-02    11.8        5.37        37.7    
2003-08-03    11.7        7.98        37.2    
2003-08-04    11.7        7.14        35.7    
2003-08-05    12.0        6.7         35.7    
2003-08-06    12.6        6.75        42.8    
2003-08-07    12.3        7.0         44.0    
2003-08-08    12.1        6.03        46.3    
2003-08-09    11.6        5.1         43.8    
2003-08-10    11.7        5.84        43.9    
2003-08-11    15.9        4.86        38.3    
2003-08-12    33.5        6.05        37.9    
2003-08-13    80.1        8.77        61.8    
2003-08-14    92.7        11.8        113.0   
2003-08-15    65.8        13.6        161.0   
2003-08-16    105.0       30.6        133.0   
2003-08-17    82.1        18.6        200.0   
2003-08-18    84.2        15.8        184.0   
2003-08-19    62.1        12.5        167.0   
2003-08-20    45.0        13.0        119.0   
2003-08-21    40.3        14.5        100.0   
2003-08-22    40.6        14.6        109.0   
2003-08-23    37.8        11.4        108.0   
2003-08-24    30.8        9.61        87.3    
2003-08-25    26.3        8.82        73.8    
2003-08-26    22.9        6.63        69.5    
2003-08-27    22.5        5.96        61.2    
2003-08-28    19.8        6.15        54.6    
2003-08-29    17.7        5.7         50.0    
2003-08-30    16.6        4.51        42.9    
2003-08-31    15.4        4.53        42.3    
2003-09-01    15.0        4.51        41.3    
2003-09-02    16.0        6.08        42.5    
2003-09-03    16.3        5.22        48.9    
2003-09-04    16.5        4.77        47.0    
2003-09-05    16.1        5.82        43.7    
2003-09-06    15.1        4.57        43.9    
2003-09-07    16.0        5.37        40.1    
2003-09-08    16.1        6.85        40.5    
2003-09-09    14.9        6.58        42.9    
2003-09-10    15.7        5.27        42.4    
2003-09-11    15.8        5.41        41.7    
2003-09-12    14.4        5.82        42.4    
2003-09-13    14.3        5.75        40.1    
2003-09-14    14.8        6.14        36.9    
2003-09-15    22.2        9.81        43.0    
2003-09-16    24.3        7.83        58.1    
2003-09-17    26.9        9.65        65.0    
2003-09-18    24.6        7.84        56.8    
2003-09-19    23.1        7.27        54.0    
2003-09-20    22.1        6.26        50.7    
2003-09-21    23.5        5.95        48.4    
2003-09-22    23.4        6.59        49.7    
2003-09-23    21.4        6.98        49.2    
2003-09-24    21.2        6.47        47.9    
2003-09-25    21.1        6.32        47.3    
2003-09-26    19.0        6.17        45.0    
2003-09-27    17.4        6.1         42.9    
2003-09-28    17.2        4.3         40.6    
2003-09-29    17.2        6.01        41.0    
2003-09-30    16.2        5.33        38.9    
2003-10-01    14.1        5.83        38.8    
2003-10-02    12.4        7.53        37.5    
2003-10-03    11.4        8.0         34.4    
2003-10-04    11.9        9.38        34.2    
2003-10-05    11.8        10.9        34.5    
2003-10-06    12.0        9.98        35.0    
2003-10-07    11.0        8.96        35.3    
2003-10-08    11.2        8.57        37.5    
2003-10-09    11.1        7.74        36.3    
2003-10-10    11.0        6.88        35.3    
2003-10-11    11.6        6.85        35.6    
2003-10-12    10.4        6.76        36.0    
2003-10-13    9.68        6.07        50.1    
2003-10-14    9.94        6.06        47.5    
2003-10-15    10.9        5.73        37.0    
2003-10-16    10.5        5.89        37.5    
2003-10-17    9.55        4.87        34.8    
2003-10-18    9.49        5.72        33.3    
2003-10-19    9.15        4.79        34.8    
2003-10-20    9.88        5.31        31.3    
2003-10-21    10.8        5.85        29.8    
2003-10-22    14.4        4.8         31.1    
2003-10-23    14.7        5.81        33.1    
2003-10-24    14.3        6.07        33.1    
2003-10-25    14.3        4.31        32.0    
2003-10-26    14.8        5.85        32.7    
2003-10-27    10.5        5.76        32.3    
2003-10-28    9.49        5.1         30.3    
2003-10-29    9.12        4.36        28.5    
2003-10-30    9.22        3.86        28.4    
2003-10-31    8.28        4.14        28.5    
2003-11-01    7.97        4.17        27.4    
2003-11-02    8.69        3.59        26.0    
2003-11-03    8.13        3.68        26.8    
2003-11-04    7.69        3.92        26.6    
2003-11-05    7.9         3.56        25.6    
2003-11-06    7.8         3.57        26.1    
2003-11-07    7.59        3.74        25.7    
2003-11-08    7.48        5.47        25.6    
2003-11-09    8.27        6.16        25.7    
2003-11-10    8.32        7.28        29.8    
2003-11-11    8.77        7.56        33.2    
2003-11-12    8.33        6.31        38.8    
2003-11-13    7.97        5.92        31.4    
2003-11-14    7.77        5.72        30.3    
2003-11-15    7.65        5.85        29.7    
2003-11-16    8.17        6.05        30.6    
2003-11-17    7.43        6.25        28.5    
2003-11-18    7.54        4.75        28.5    
2003-11-19    7.48        5.49        28.5    
2003-11-20    7.47        5.97        28.5    
2003-11-21    8.48        5.79        30.7    
2003-11-22    12.3        6.42        32.4    
2003-11-23    12.9        6.12        29.6    
2003-11-24    15.4        5.32        32.1    
2003-11-25    15.4        5.65        34.4    
2003-11-26    10.9        4.81        34.1    
2003-11-27    10.9        4.7         31.5    
2003-11-28    13.0        3.28        30.1    
2003-11-29    12.7        5.38        31.4    
2003-11-30    13.2        5.33        31.3    
2003-12-01    13.3        4.8         31.3    
2003-12-02    8.89        5.57        31.4    
2003-12-03    7.95        5.71        29.6    
2003-12-04    7.07        4.86        28.3    
2003-12-05    6.71        4.95        29.2    
2003-12-06    6.45        4.22        27.4    
2003-12-07    6.78        4.96        26.8    
2003-12-08    6.28        5.26        28.1    
2003-12-09    6.88        4.05        28.3    
2003-12-10    7.19        5.33        27.0    
2003-12-11    8.17        5.72        28.6    
2003-12-12    7.66        5.71        28.8    
2003-12-13    7.42        5.43        27.7    
2003-12-14    7.5         5.52        28.9    
2003-12-15    7.14        5.43        28.8    
2003-12-16    7.05        5.86        28.1    
2003-12-17    6.97        4.71        27.2    
2003-12-18    7.07        5.38        26.1    
2003-12-19    7.59        5.11        26.0    
2003-12-20    7.04        5.08        25.7    
2003-12-21    6.94        4.26        25.2    
2003-12-22    7.05        3.83        24.1    
2003-12-23    6.97        3.41        23.8    
2003-12-24    6.94        4.22        27.6    
2003-12-25    6.94        4.19        24.9    
2003-12-26    7.05        4.97        24.1    
2003-12-27    6.97        2.52        24.0    
2003-12-28    7.55        2.73        23.4    
2003-12-29    7.76        4.18        21.7    
2003-12-30    8.21        3.8         23.4    
2003-12-31    7.6         3.71        22.5    
2004-01-01    7.75        3.52        25.0    
2004-01-02    6.83        2.41        25.2    
2004-01-03    6.55        3.4         25.2    
2004-01-04    6.67        3.44        25.5    
2004-01-05    6.72        2.39        25.8    
2004-01-06    6.55        2.53        26.2    
2004-01-07    6.56        3.7         24.5    
2004-01-08    6.7         4.05        25.6    
2004-01-09    8.36        3.28        25.5    
2004-01-10    9.0         3.92        25.3    
2004-01-11    11.2        4.63        29.2    
2004-01-12    11.1        4.35        33.1    
2004-01-13    11.7        5.01        32.2    
2004-01-14    8.65        3.32        33.3    
2004-01-15    7.59        4.28        35.8    
2004-01-16    14.4        6.65        34.2    
2004-01-17    23.2        7.68        42.3    
2004-01-18    17.9        6.24        53.7    
2004-01-19    14.3        4.03        63.8    
2004-01-20    13.8        5.72        55.2    
2004-01-21    13.8        6.17        46.5    
2004-01-22    11.3        5.81        47.5    
2004-01-23    9.5         4.42        42.5    
2004-01-24    8.84        4.26        37.0    
2004-01-25    8.15        3.32        35.9    
2004-01-26    7.7         3.58        30.5    
2004-01-27    7.67        2.85        32.5    
2004-01-28    8.28        3.63        30.8    
2004-01-29    7.5         4.38        33.0    
2004-01-30    7.65        5.46        34.3    
2004-01-31    8.06        5.04        31.9    
2004-02-01    9.97        5.7         34.0    
2004-02-02    15.2        12.8        36.4    
2004-02-03    25.0        20.6        56.0    
2004-02-04    27.4        10.8        102.0   
2004-02-05    21.3        10.4        106.0   
2004-02-06    15.7        7.06        72.8    
2004-02-07    13.4        6.28        59.4    
2004-02-08    20.6        8.43        63.5    
2004-02-09    28.6        9.9         75.1    
2004-02-10    27.1        7.44        85.0    
2004-02-11    22.3        6.67        76.2    
2004-02-12    16.6        5.8         64.0    
2004-02-13    13.9        5.18        58.7    
2004-02-14    13.2        4.88        48.2    
2004-02-15    10.3        4.69        39.8    
2004-02-16    8.94        4.55        39.2    
2004-02-17    9.31        4.55        34.1    
2004-02-18    10.9        4.3         33.2    
2004-02-19    9.37        3.87        32.8    
2004-02-20    9.53        4.25        34.5    
2004-02-21    9.43        4.67        30.9    
2004-02-22    9.38        4.98        31.7    
2004-02-23    9.01        5.1         29.4    
2004-02-24    11.9        3.64        29.5    
2004-02-25    21.6        6.8         35.9    
2004-02-26    26.4        6.39        46.7    
2004-02-27    19.3        5.72        48.9    
2004-02-28    13.9        4.68        46.1    
2004-02-29    10.3        4.28        39.6    
2004-03-01    12.4        5.44        35.5    
2004-03-02    20.7        10.6        36.5    
2004-03-03    32.9        12.3        55.5    
2004-03-04    30.4        7.47        76.2    
2004-03-05    22.0        5.8         71.5    
2004-03-06    17.5        4.61        58.6    
2004-03-07    12.5        3.93        46.7    
2004-03-08    11.9        3.52        40.0    
2004-03-09    11.9        4.25        33.8    
2004-03-10    11.8        3.86        33.5    
2004-03-11    8.95        1.46        27.8    
2004-03-12    8.77        3.72        26.3    
2004-03-13    8.23        3.57        24.1    
2004-03-14    7.76        4.24        23.7    
2004-03-15    7.58        3.54        22.7    
2004-03-16    6.66        3.5         22.3    
2004-03-17    8.57        3.13        21.9    
2004-03-18    9.78        3.02        23.6    
2004-03-19    34.4        9.23        30.9    
2004-03-20    67.0        8.25        43.0    
2004-03-21    42.6        5.6         83.2    
2004-03-22    31.9        5.05        72.9    
2004-03-23    44.0        11.0        69.1    
2004-03-24    94.4        28.7        122.0   
2004-03-25    154.0       54.0        247.0   
2004-03-26    203.0       58.5        433.0   
2004-03-27    111.0       27.0        397.0   
2004-03-28    74.7        12.8        244.0   
2004-03-29    55.1        12.1        149.0   
2004-03-30    47.6        12.1        113.0   
2004-03-31    46.5        13.9        88.9    
2004-04-01    117.0       60.4        128.0   
2004-04-02    141.0       35.2        255.0   
2004-04-03    82.1        18.5        260.0   
2004-04-04    56.0        12.5        158.0   
2004-04-05    45.6        9.16        107.0   
2004-04-06    42.2        7.57        85.8    
2004-04-07    85.4        31.8        99.6    
2004-04-08    204.0       38.3        165.0   
2004-04-09    103.0       18.3        276.0   
2004-04-10    65.6        13.9        176.0   
2004-04-11    47.9        9.66        121.0   
2004-04-12    101.0       68.3        181.0   
2004-04-13    126.0       32.1        302.0   
2004-04-14    77.5        27.9        272.0   
2004-04-15    81.7        49.0        230.0   
2004-04-16    83.8        24.8        217.0   
2004-04-17    61.8        16.6        208.0   
2004-04-18    81.4        22.7        181.0   
2004-04-19    84.9        18.3        167.0   
2004-04-20    59.2        11.9        155.0   
2004-04-21    47.5        9.12        121.0   
2004-04-22    35.9        7.47        94.8    
2004-04-23    33.0        7.73        86.7    
2004-04-24    109.0       40.6        170.0   
2004-04-25    183.0       31.2        360.0   
2004-04-26    195.0       53.3        368.0   
2004-04-27    258.0       62.5        546.0   
2004-04-28    139.0       21.5        470.0   
2004-04-29    89.6        12.9        276.0   
2004-04-30    74.2        19.7        182.0   
2004-05-01    88.9        26.8        185.0   
2004-05-02    88.4        18.2        203.0   
2004-05-03    69.2        12.9        204.0   
2004-05-04    61.1        9.11        151.0   
2004-05-05    59.6        8.54        118.0   
2004-05-06    50.5        6.73        101.0   
2004-05-07    45.1        9.68        94.2    
2004-05-08    121.0       120.0       277.0   
2004-05-09    153.0       46.1        639.0   
2004-05-10    90.8        21.0        351.0   
2004-05-11    58.5        12.6        235.0   
2004-05-12    51.2        13.2        162.0   
2004-05-13    191.0       23.5        200.0   
2004-05-14    144.0       17.7        329.0   
2004-05-15    96.3        12.1        261.0   
2004-05-16    189.0       55.2        220.0   
2004-05-17    187.0       33.9        385.0   
2004-05-18    127.0       19.5        361.0   
2004-05-19    95.3        12.9        267.0   
2004-05-20    72.3        12.1        204.0   
2004-05-21    53.3        11.1        171.0   
2004-05-22    42.2        9.4         127.0   
2004-05-23    34.7        8.74        113.0   
2004-05-24    28.6        7.81        100.0   
2004-05-25    34.6        8.19        92.6    
2004-05-26    37.9        6.65        87.7    
2004-05-27    34.8        7.19        86.0    
2004-05-28    37.2        20.1        83.6    
2004-05-29    63.0        39.5        106.0   
2004-05-30    68.3        13.8        171.0   
2004-05-31    91.7        19.9        177.0   
2004-06-01    173.0       23.6        206.0   
2004-06-02    107.0       15.4        228.0   
2004-06-03    75.7        10.8        167.0   
2004-06-04    64.6        10.0        125.0   
2004-06-05    85.8        16.3        132.0   
2004-06-06    190.0       54.5        267.0   
2004-06-07    117.0       23.6        314.0   
2004-06-08    84.4        14.0        231.0   
2004-06-09    66.0        10.6        150.0   
2004-06-10    54.2        10.1        116.0   
2004-06-11    46.5        7.82        100.0   
2004-06-12    42.9        7.97        97.3    
2004-06-13    43.7        7.73        85.5    
2004-06-14    41.6        6.09        78.1    
2004-06-15    38.8        5.23        83.3    
2004-06-16    78.8        47.2        98.4    
2004-06-17    258.0       68.1        353.0   
2004-06-18    132.0       19.5        429.0   
2004-06-19    84.1        14.1        248.0   
2004-06-20    80.8        12.9        176.0   
2004-06-21    70.8        12.9        157.0   
2004-06-22    96.7        10.7        133.0   
2004-06-23    265.0       17.0        188.0   
2004-06-24    160.0       19.5        326.0   
2004-06-25    108.0       12.8        240.0   
2004-06-26    84.9        9.32        176.0   
2004-06-27    78.6        8.06        141.0   
2004-06-28    72.8        7.11        120.0   
2004-06-29    61.8        7.31        108.0   
2004-06-30    68.2        11.9        94.7    
2004-07-01    56.5        6.89        101.0   
2004-07-02    44.7        6.16        87.0    
2004-07-03    44.4        4.82        79.7    
2004-07-04    54.6        6.58        73.4    
2004-07-05    57.4        7.72        74.5    
2004-07-06    79.7        9.44        82.5    
2004-07-07    305.0       237.0       1020.0  
2004-07-08    262.0       74.7        1970.0  
2004-07-09    128.0       36.2        551.0   
2004-07-10    91.6        26.3        316.0   
2004-07-11    73.7        19.4        237.0   
2004-07-12    75.4        14.8        190.0   
2004-07-13    97.0        17.4        187.0   
2004-07-14    76.6        15.2        183.0   
2004-07-15    64.7        11.8        150.0   
2004-07-16    57.8        10.6        125.0   
2004-07-17    49.9        8.98        114.0   
2004-07-18    49.2        9.72        104.0   
2004-07-19    45.0        9.53        94.5    
2004-07-20    45.4        9.89        90.5    
2004-07-21    43.0        13.6        91.5    
2004-07-22    40.2        11.1        91.9    
2004-07-23    39.8        9.49        86.9    
2004-07-24    37.0        7.85        80.7    
2004-07-25    34.8        7.88        71.9    
2004-07-26    38.6        8.76        73.6    
2004-07-27    36.2        8.55        79.4    
2004-07-28    33.9        7.49        73.2    
2004-07-29    23.7        7.8         73.4    
2004-07-30    37.4        7.63        70.7    
2004-07-31    43.9        10.8        79.5    
2004-08-01    46.3        9.23        79.0    
2004-08-02    41.6        7.98        72.6    
2004-08-03    43.7        7.92        66.3    
2004-08-04    82.1        10.6        78.4    
2004-08-05    64.8        8.37        106.0   
2004-08-06    54.6        8.4         108.0   
2004-08-07    44.3        6.08        92.1    
2004-08-08    37.8        5.69        78.9    
2004-08-09    33.0        4.94        66.9    
2004-08-10    29.4        6.91        59.6    
2004-08-11    26.4        6.21        60.7    
2004-08-12    27.8        6.42        64.1    
2004-08-13    43.1        5.98        58.2    
2004-08-14    77.4        10.1        68.6    
2004-08-15    107.0       9.32        103.0   
2004-08-16    62.1        7.23        136.0   
2004-08-17    45.5        5.68        90.4    
2004-08-18    37.5        5.08        69.7    
2004-08-19    34.5        4.89        64.2    
2004-08-20    34.0        17.2        60.1    
2004-08-21    35.8        22.6        64.9    
2004-08-22    43.2        11.2        83.8    
2004-08-23    61.2        8.23        80.3    
2004-08-24    46.7        6.66        84.7    
2004-08-25    38.4        6.49        69.5    
2004-08-26    36.3        6.53        66.5    
2004-08-27    36.6        6.33        83.0    
2004-08-28    37.0        7.04        59.9    
2004-08-29    36.9        7.11        52.6    
2004-08-30    31.3        6.64        65.5    
2004-08-31    44.7        8.34        92.6    
2004-09-01    48.7        9.06        85.5    
2004-09-02    64.3        7.07        84.4    
2004-09-03    80.0        6.97        95.1    
2004-09-04    49.7        6.47        112.0   
2004-09-05    55.5        5.83        86.9    
2004-09-06    55.3        6.06        79.4    
2004-09-07    46.7        5.2         74.6    
2004-09-08    49.5        5.63        70.5    
2004-09-09    86.0        4.43        81.8    
2004-09-10    102.0       6.05        100.0   
2004-09-11    77.3        6.8         124.0   
2004-09-12    63.6        6.56        104.0   
2004-09-13    52.3        6.52        84.5    
2004-09-14    46.3        6.47        72.1    
2004-09-15    43.1        5.98        65.9    
2004-09-16    36.0        15.0        62.4    
2004-09-17    34.1        8.43        58.0    
2004-09-18    33.1        7.3         55.2    
2004-09-19    43.3        15.3        66.3    
2004-09-20    67.9        20.2        76.7    
2004-09-21    64.6        8.85        101.0   
2004-09-22    53.1        7.47        98.4    
2004-09-23    45.2        6.98        76.6    
2004-09-24    40.3        6.33        64.3    
2004-09-25    36.7        6.26        62.3    
2004-09-26    27.5        6.31        57.0    
2004-09-27    18.6        6.7         50.7    
2004-09-28    16.1        5.76        40.6    
2004-09-29    15.7        4.86        40.8    
2004-09-30    15.9        5.41        39.3    
2004-10-01    15.6        5.58        39.3    
2004-10-02    15.7        6.24        36.6    
2004-10-03    14.2        5.63        32.0    
2004-10-04    12.5        5.18        31.6    
2004-10-05    17.5        5.59        32.7    
2004-10-06    26.9        5.17        32.3    
2004-10-07    25.8        4.36        44.3    
2004-10-08    27.1        5.53        44.9    
2004-10-09    26.7        5.91        43.2    
2004-10-10    24.4        5.93        44.1    
2004-10-11    24.4        6.58        43.4    
2004-10-12    22.6        5.25        41.7    
2004-10-13    24.6        5.44        40.6    
2004-10-14    24.2        4.96        40.2    
2004-10-15    21.3        4.9         38.1    
2004-10-16    21.8        5.25        37.4    
2004-10-17    17.7        5.34        36.1    
2004-10-18    15.7        6.76        35.4    
2004-10-19    15.6        5.02        31.0    
2004-10-20    18.9        5.42        32.9    
2004-10-21    15.3        5.93        33.4    
2004-10-22    17.4        5.57        32.5    
2004-10-23    16.5        5.96        30.3    
2004-10-24    13.7        5.86        30.2    
2004-10-25    13.6        4.93        32.2    
2004-10-26    15.9        5.86        33.0    
2004-10-27    14.2        6.43        35.8    
2004-10-28    14.3        5.7         32.8    
2004-10-29    16.4        5.69        29.6    
2004-10-30    17.1        6.05        30.4    
2004-10-31    18.4        5.53        31.1    
2004-11-01    19.7        5.32        31.3    
2004-11-02    18.7        5.97        31.9    
2004-11-03    18.8        5.81        32.0    
2004-11-04    18.7        5.28        31.6    
2004-11-05    18.2        5.35        30.9    
2004-11-06    18.6        6.01        29.4    
2004-11-07    19.9        5.37        31.4    
2004-11-08    20.0        4.35        30.1    
2004-11-09    19.4        6.52        31.5    
2004-11-10    21.5        18.0        44.5    
2004-11-11    32.6        18.7        66.4    
2004-11-12    44.3        14.1        96.0    
2004-11-13    20.6        9.56        89.7    
2004-11-14    21.6        8.07        63.1    
2004-11-15    23.0        7.64        49.6    
2004-11-16    24.6        8.33        44.4    
2004-11-17    22.4        7.05        41.6    
2004-11-18    21.0        7.03        40.2    
2004-11-19    21.0        6.9         39.1    
2004-11-20    20.1        6.65        36.2    
2004-11-21    19.3        6.84        35.3    
2004-11-22    20.4        5.88        35.0    
2004-11-23    17.7        6.52        34.4    
2004-11-24    13.0        5.98        34.4    
2004-11-25    12.4        5.5         31.7    
2004-11-26    12.7        6.33        30.9    
2004-11-27    12.0        6.11        28.7    
2004-11-28    12.3        6.12        29.6    
2004-11-29    12.1        5.65        28.8    
2004-11-30    19.5        6.33        28.5    
2004-12-01    15.4        6.44        26.5    
2004-12-02    15.9        6.33        28.2    
2004-12-03    16.8        6.17        29.9    
2004-12-04    16.4        6.58        30.5    
2004-12-05    16.0        5.65        29.5    
2004-12-06    15.4        6.19        29.1    
2004-12-07    14.9        5.24        28.8    
2004-12-08    11.9        5.07        28.1    
2004-12-09    8.91        5.07        27.5    
2004-12-10    8.07        5.57        25.5    
2004-12-11    7.83        5.08        24.1    
2004-12-12    8.38        5.57        23.7    
2004-12-13    7.86        5.38        23.5    
2004-12-14    8.47        5.63        23.8    
2004-12-15    7.99        5.57        24.5    
2004-12-16    7.71        5.18        24.9    
2004-12-17    7.26        4.89        23.6    
2004-12-18    9.13        5.55        23.8    
2004-12-19    15.2        5.03        23.9    
2004-12-20    16.8        5.54        25.7    
2004-12-21    16.1        5.77        28.4    
2004-12-22    16.9        5.97        28.5    
2004-12-23    16.3        5.86        27.6    
2004-12-24    15.8        7.83        28.5    
2004-12-25    17.4        6.79        27.7    
2004-12-26    18.3        5.81        28.4    
2004-12-27    17.6        5.5         30.7    
2004-12-28    18.0        6.64        31.6    
2004-12-29    19.9        6.91        32.0    
2004-12-30    23.0        7.52        34.7    
2004-12-31    21.6        8.61        36.6    
2005-01-01    20.4        5.82        38.9    
2005-01-02    16.1        5.97        32.4    
2005-01-03    14.3        5.64        29.9    
2005-01-04    13.4        5.67        29.1    
2005-01-05    12.9        6.38        28.0    
2005-01-06    12.9        6.83        28.1    
2005-01-07    11.0        5.71        28.7    
2005-01-08    9.33        6.36        29.9    
2005-01-09    9.58        5.66        27.1    
2005-01-10    9.98        4.99        28.3    
2005-01-11    13.8        5.49        26.6    
2005-01-12    19.6        6.59        28.0    
2005-01-13    25.7        7.22        32.1    
2005-01-14    31.1        6.7         38.1    
2005-01-15    29.2        6.01        42.0    
2005-01-16    24.9        5.49        45.4    
2005-01-17    21.9        5.02        39.6    
2005-01-18    18.2        5.47        35.7    
2005-01-19    15.3        5.1         34.4    
2005-01-20    15.8        5.77        32.2    
2005-01-21    17.5        5.97        32.9    
2005-01-22    18.2        6.12        33.0    
2005-01-23    19.7        6.33        33.2    
2005-01-24    17.3        6.38        33.7    
2005-01-25    14.7        5.55        33.3    
2005-01-26    15.6        6.09        31.3    
2005-01-27    16.1        5.86        29.7    
2005-01-28    23.0        7.09        31.2    
2005-01-29    28.9        6.91        32.6    
2005-01-30    28.2        6.62        36.0    
2005-01-31    24.8        6.76        38.9    
2005-02-01    18.9        6.08        37.1    
2005-02-02    14.5        5.18        34.0    
2005-02-03    14.1        5.78        30.3    
2005-02-04    15.0        6.27        30.9    
2005-02-05    15.1        6.45        31.0    
2005-02-06    14.1        6.44        31.4    
2005-02-07    13.5        6.33        31.8    
2005-02-08    13.0        5.99        30.3    
2005-02-09    12.0        5.67        29.6    
2005-02-10    11.0        5.76        28.1    
2005-02-11    11.3        6.59        28.0    
2005-02-12    15.1        6.55        28.2    
2005-02-13    17.5        7.09        30.4    
2005-02-14    18.8        6.08        30.9    
2005-02-15    61.7        10.7        40.7    
2005-02-16    152.0       27.9        117.0   
2005-02-17    288.0       97.1        580.0   
2005-02-18    231.0       38.7        757.0   
2005-02-19    145.0       17.4        407.0   
2005-02-20    94.2        10.2        271.0   
2005-02-21    70.7        9.11        176.0   
2005-02-22    54.7        9.85        133.0   
2005-02-23    45.7        8.44        109.0   
2005-02-24    40.4        7.47        90.5    
2005-02-25    36.2        7.59        80.0    
2005-02-26    37.0        7.49        69.6    
2005-02-27    36.7        9.9         86.2    
2005-02-28    50.8        11.6        114.0   
2005-03-01    47.5        8.84        135.0   
2005-03-02    45.0        9.4         123.0   
2005-03-03    44.5        9.08        125.0   
2005-03-04    37.9        9.02        105.0   
2005-03-05    33.5        8.28        90.1    
2005-03-06    29.2        8.04        76.9    
2005-03-07    28.8        7.94        64.5    
2005-03-08    32.3        7.71        58.3    
2005-03-09    31.0        7.76        53.3    
2005-03-10    29.6        8.44        48.0    
2005-03-11    28.2        7.25        45.7    
2005-03-12    30.0        7.15        48.1    
2005-03-13    28.9        8.0         49.6    
2005-03-14    27.0        6.95        50.8    
2005-03-15    24.9        6.63        37.0    
2005-03-16    25.0        6.94        38.1    
2005-03-17    27.0        8.31        49.7    
2005-03-18    26.9        8.08        53.3    
2005-03-19    25.4        7.44        46.0    
2005-03-20    23.0        6.2         39.3    
2005-03-21    22.6        6.76        36.1    
2005-03-22    22.2        7.41        34.9    
2005-03-23    22.7        9.06        48.9    
2005-03-24    22.3        7.34        51.7    
2005-03-25    18.3        6.89        40.1    
2005-03-26    22.1        7.43        33.5    
2005-03-27    55.9        35.9        135.0   
2005-03-28    81.3        33.0        266.0   
2005-03-29    57.0        22.1        252.0   
2005-03-30    61.0        29.7        232.0   
2005-03-31    103.0       32.4        271.0   
2005-04-01    80.9        21.3        272.0   
2005-04-02    67.0        18.2        227.0   
2005-04-03    53.4        14.6        153.0   
2005-04-04    43.8        11.4        120.0   
2005-04-05    37.2        10.9        105.0   
2005-04-06    27.5        10.4        76.7    
2005-04-07    30.8        10.6        66.7    
2005-04-08    29.8        9.27        65.5    
2005-04-09    29.4        8.9         57.7    
2005-04-10    38.9        15.3        90.1    
2005-04-11    48.1        13.4        140.0   
2005-04-12    53.2        14.2        136.0   
2005-04-13    58.9        15.3        142.0   
2005-04-14    44.9        12.1        118.0   
2005-04-15    31.7        11.2        90.7    
2005-04-16    30.0        9.94        74.7    
2005-04-17    30.2        9.44        80.8    
2005-04-18    30.1        9.74        85.1    
2005-04-19    28.3        9.71        70.6    
2005-04-20    33.2        8.8         80.6    
2005-04-21    31.7        7.69        85.9    
2005-04-22    22.6        6.21        73.4    
2005-04-23    52.9        19.1        61.8    
2005-04-24    67.7        24.4        155.0   
2005-04-25    49.4        13.3        189.0   
2005-04-26    35.2        10.3        113.0   
2005-04-27    22.9        9.03        86.5    
2005-04-28    19.5        8.18        65.2    
2005-04-29    20.5        7.64        53.9    
2005-04-30    20.1        7.3         50.3    
2005-05-01    20.2        6.73        49.0    
2005-05-02    21.6        14.8        68.7    
2005-05-03    21.4        12.8        112.0   
2005-05-04    137.0       109.0       212.0   
2005-05-05    142.0       35.0        448.0   
2005-05-06    279.0       53.9        378.0   
2005-05-07    145.0       22.3        419.0   
2005-05-08    83.1        17.0        268.0   
2005-05-09    120.0       108.0       306.0   
2005-05-10    230.0       52.5        734.0   
2005-05-11    147.0       26.1        502.0   
2005-05-12    191.0       220.0       1290.0  
2005-05-13    190.0       77.4        1240.0  
2005-05-14    315.0       183.0       1070.0  
2005-05-15    585.0       171.0       1610.0  
2005-05-16    568.0       87.3        1560.0  
2005-05-17    232.0       58.5        841.0   
2005-05-18    175.0       82.1        740.0   
2005-05-19    140.0       36.9        588.0   
2005-05-20    212.0       34.4        405.0   
2005-05-21    174.0       29.1        436.0   
2005-05-22    301.0       185.0       1330.0  
2005-05-23    379.0       99.1        2290.0  
2005-05-24    523.0       111.0       1310.0  
2005-05-25    449.0       58.4        1360.0  
2005-05-26    275.0       74.9        805.0   
2005-05-27    857.0       260.0       1400.0  
2005-05-28    533.0       85.6        1600.0  
2005-05-29    259.0       59.1        840.0   
2005-05-30    186.0       44.4        554.0   
2005-05-31    164.0       41.5        434.0   
2005-06-01    213.0       40.5        427.0   
2005-06-02    176.0       45.9        496.0   
2005-06-03    144.0       38.6        500.0   
2005-06-04    115.0       30.1        361.0   
2005-06-05    101.0       29.3        309.0   
2005-06-06    92.6        26.3        260.0   
2005-06-07    84.5        24.1        240.0   
2005-06-08    79.9        22.2        208.0   
2005-06-09    78.4        22.2        193.0   
2005-06-10    73.3        21.3        189.0   
2005-06-11    67.9        22.6        179.0   
2005-06-12    70.3        22.4        176.0   
2005-06-13    72.9        28.5        168.0   
2005-06-14    159.0       40.6        201.0   
2005-06-15    119.0       27.9        281.0   
2005-06-16    81.2        22.9        243.0   
2005-06-17    74.4        28.7        182.0   
2005-06-18    121.0       48.8        172.0   
2005-06-19    166.0       148.0       247.0   
2005-06-20    890.0       380.0       961.0   
2005-06-21    1240.0      391.0       2620.0  
2005-06-22    1710.0      205.0       2540.0  
2005-06-23    841.0       134.0       2280.0  
2005-06-24    404.0       107.0       1340.0  
2005-06-25    295.0       83.2        891.0   
2005-06-26    228.0       64.9        666.0   
2005-06-27    191.0       55.1        529.0   
2005-06-28    156.0       46.3        451.0   
2005-06-29    143.0       38.5        390.0   
2005-06-30    127.0       39.7        346.0   
2005-07-01    115.0       34.7        316.0   
2005-07-02    107.0       31.9        298.0   
2005-07-03    98.1        27.1        270.0   
2005-07-04    90.9        23.5        241.0   
2005-07-05    83.5        22.0        228.0   
2005-07-06    76.9        20.4        210.0   
2005-07-07    72.7        20.9        207.0   
2005-07-08    70.9        20.6        183.0   
2005-07-09    70.7        19.8        185.0   
2005-07-10    70.7        18.9        191.0   
2005-07-11    70.7        17.1        174.0   
2005-07-12    68.2        16.0        166.0   
2005-07-13    65.4        14.7        160.0   
2005-07-14    65.1        16.3        139.0   
2005-07-15    68.6        14.6        141.0   
2005-07-16    67.9        15.3        143.0   
2005-07-17    62.7        14.0        148.0   
2005-07-18    56.7        14.1        132.0   
2005-07-19    52.8        14.9        129.0   
2005-07-20    51.6        21.3        130.0   
2005-07-21    79.3        32.7        160.0   
2005-07-22    86.4        22.7        207.0   
2005-07-23    68.6        23.3        203.0   
2005-07-24    54.8        18.4        164.0   
2005-07-25    49.0        15.9        153.0   
2005-07-26    55.9        13.7        143.0   
2005-07-27    55.1        15.4        134.0   
2005-07-28    43.6        14.5        134.0   
2005-07-29    42.4        12.6        115.0   
2005-07-30    51.2        13.6        116.0   
2005-07-31    59.9        16.9        128.0   
2005-08-01    53.8        12.7        147.0   
2005-08-02    42.4        10.8        128.0   
2005-08-03    36.3        11.1        113.0   
2005-08-04    37.9        10.5        102.0   
2005-08-05    40.0        11.1        106.0   
2005-08-06    46.7        13.5        106.0   
2005-08-07    55.1        14.8        136.0   
2005-08-08    84.3        13.4        135.0   
2005-08-09    72.0        15.2        173.0   
2005-08-10    58.7        13.1        133.0   
2005-08-11    51.0        12.7        125.0   
2005-08-12    45.9        11.1        109.0   
2005-08-13    43.5        12.3        99.1    
2005-08-14    92.2        64.4        141.0   
2005-08-15    310.0       42.2        388.0   
2005-08-16    157.0       18.0        421.0   
2005-08-17    101.0       14.8        228.0   
2005-08-18    77.8        12.5        160.0   
2005-08-19    66.7        12.6        148.0   
2005-08-20    66.2        19.0        170.0   
2005-08-21    71.8        18.9        205.0   
2005-08-22    68.5        16.5        191.0   
2005-08-23    107.0       18.3        165.0   
2005-08-24    102.0       18.5        179.0   
2005-08-25    80.7        14.8        167.0   
2005-08-26    67.3        12.9        150.0   
2005-08-27    62.9        17.9        139.0   
2005-08-28    80.1        18.2        175.0   
2005-08-29    71.7        15.5        177.0   
2005-08-30    57.7        11.7        146.0   
2005-08-31    51.7        10.9        125.0   
2005-09-01    49.3        10.2        118.0   
2005-09-02    97.9        85.3        154.0   
2005-09-03    252.0       61.7        463.0   
2005-09-04    184.0       42.5        474.0   
2005-09-05    145.0       23.9        335.0   
2005-09-06    110.0       19.7        252.0   
2005-09-07    88.4        16.5        205.0   
2005-09-08    74.0        14.6        173.0   
2005-09-09    64.7        14.0        161.0   
2005-09-10    55.6        13.8        144.0   
2005-09-11    51.2        13.5        137.0   
2005-09-12    47.1        13.2        125.0   
2005-09-13    47.1        12.4        107.0   
2005-09-14    59.5        12.3        112.0   
2005-09-15    67.2        11.7        128.0   
2005-09-16    51.3        10.7        128.0   
2005-09-17    51.1        10.9        110.0   
2005-09-18    46.4        10.6        112.0   
2005-09-19    43.0        12.0        103.0   
2005-09-20    40.0        10.1        97.5    
2005-09-21    42.3        10.4        95.8    
2005-09-22    45.8        9.65        90.6    
2005-09-23    45.1        9.85        99.6    
2005-09-24    42.2        10.9        99.6    
2005-09-25    45.0        10.8        93.5    
2005-09-26    44.5        10.4        94.4    
2005-09-27    51.1        15.1        99.0    
2005-09-28    66.0        13.2        122.0   
2005-09-29    48.2        10.8        124.0   
2005-09-30    42.3        10.5        107.0   
2005-10-01    43.1        9.68        95.2    
2005-10-02    40.8        9.55        89.7    
2005-10-03    61.7        15.1        102.0   
2005-10-04    134.0       67.3        175.0   
2005-10-05    102.0       29.4        226.0   
2005-10-06    73.2        17.8        203.0   
2005-10-07    60.8        15.0        143.0   
2005-10-08    53.8        13.6        136.0   
2005-10-09    44.6        12.7        122.0   
2005-10-10    42.9        13.2        112.0   
2005-10-11    42.7        12.0        109.0   
2005-10-12    41.5        11.1        105.0   
2005-10-13    42.0        10.8        92.6    
2005-10-14    38.0        10.4        92.0    
2005-10-15    42.8        9.7         82.6    
2005-10-16    44.3        10.4        82.2    
2005-10-17    41.6        10.3        92.1    
2005-10-18    39.9        9.73        85.3    
2005-10-19    37.1        9.65        85.2    
2005-10-20    35.1        9.21        81.8    
2005-10-21    37.8        8.64        73.1    
2005-10-22    36.0        9.01        76.7    
2005-10-23    33.0        9.22        74.5    
2005-10-24    33.4        8.27        77.2    
2005-10-25    35.0        8.16        77.5    
2005-10-26    35.3        8.61        73.3    
2005-10-27    33.9        8.5         67.3    
2005-10-28    31.8        8.51        70.7    
2005-10-29    38.3        8.07        68.2    
2005-10-30    39.4        9.62        80.4    
2005-10-31    38.3        8.35        71.1    
2005-11-01    36.5        7.99        67.1    
2005-11-02    34.9        7.68        59.9    
2005-11-03    36.8        8.34        57.2    
2005-11-04    36.4        8.04        56.6    
2005-11-05    35.9        7.98        52.3    
2005-11-06    36.0        8.43        45.8    
2005-11-07    36.9        8.04        46.5    
2005-11-08    36.6        12.9        51.0    
2005-11-09    43.0        11.7        61.7    
2005-11-10    40.1        8.2         75.2    
2005-11-11    42.2        8.24        60.0    
2005-11-12    65.2        9.31        72.5    
2005-11-13    63.8        7.76        88.3    
2005-11-14    60.0        10.8        89.2    
2005-11-15    52.9        8.86        79.4    
2005-11-16    45.0        7.66        70.2    
2005-11-17    40.3        8.0         62.3    
2005-11-18    41.8        8.2         60.1    
2005-11-19    40.9        7.55        60.3    
2005-11-20    38.3        7.46        59.5    
2005-11-21    38.1        7.8         85.5    
2005-11-22    37.8        7.05        79.1    
2005-11-23    38.4        6.28        63.3    
2005-11-24    37.4        6.71        68.4    
2005-11-25    36.6        6.6         61.7    
2005-11-26    35.0        7.56        55.4    
2005-11-27    33.3        6.81        53.0    
2005-11-28    32.0        7.74        51.0    
2005-11-29    32.9        7.36        48.6    
2005-11-30    31.9        7.33        53.7    
2005-12-01    30.0        6.91        50.9    
2005-12-02    30.9        7.74        51.0    
2005-12-03    34.9        8.28        58.0    
2005-12-04    34.5        8.52        58.6    
2005-12-05    32.9        8.13        59.6    
2005-12-06    30.7        7.98        65.9    
2005-12-07    31.0        7.33        55.9    
2005-12-08    30.2        8.0         38.2    
2005-12-09    30.7        8.68        39.6    
2005-12-10    34.1        8.36        70.8    
2005-12-11    42.6        9.55        74.4    
2005-12-12    38.7        8.36        51.5    
2005-12-13    34.4        8.32        51.5    
2005-12-14    32.5        7.87        57.3    
2005-12-15    31.9        7.27        54.1    
2005-12-16    30.5        7.84        54.7    
2005-12-17    30.0        7.27        53.1    
2005-12-18    29.5        7.43        61.2    
2005-12-19    28.8        7.09        47.1    
2005-12-20    28.7        7.56        52.3    
2005-12-21    27.2        8.31        49.2    
2005-12-22    21.4        8.18        50.0    
2005-12-23    20.2        8.56        45.0    
2005-12-24    20.2        8.15        35.3    
2005-12-25    19.1        8.48        35.7    
2005-12-26    20.3        8.06        42.5    
2005-12-27    17.9        8.35        38.4    
2005-12-28    21.0        9.74        41.3    
2005-12-29    23.3        10.2        47.3    
2005-12-30    21.9        9.44        49.1    
2005-12-31    19.1        8.29        49.5    
2006-01-01    20.5        8.32        43.3    
2006-01-02    20.4        8.34        41.6    
2006-01-03    20.1        8.44        37.1    
2006-01-04    18.8        8.46        38.6    
2006-01-05    16.7        8.37        39.3    
2006-01-06    16.1        8.72        37.8    
2006-01-07    18.1        8.72        34.7    
2006-01-08    19.8        8.05        40.5    
2006-01-09    19.1        7.4         50.9    
2006-01-10    19.1        7.84        48.1    
2006-01-11    18.8        7.83        38.2    
2006-01-12    16.4        7.55        35.8    
2006-01-13    15.6        7.49        30.6    
2006-01-14    15.8        8.28        30.5    
2006-01-15    17.8        7.88        28.2    
2006-01-16    19.0        7.87        28.7    
2006-01-17    19.2        6.96        30.8    
2006-01-18    16.3        7.22        33.4    
2006-01-19    18.3        7.56        32.8    
2006-01-20    30.9        10.3        50.8    
2006-01-21    37.6        9.26        52.7    
2006-01-22    28.4        8.29        65.2    
2006-01-23    24.3        7.88        58.0    
2006-01-24    22.8        7.75        52.1    
2006-01-25    18.3        7.87        41.4    
2006-01-26    19.1        7.69        43.3    
2006-01-27    14.6        7.54        31.9    
2006-01-28    14.6        7.17        31.2    
2006-01-29    15.3        7.32        34.0    
2006-01-30    12.4        6.98        33.7    
2006-01-31    12.1        6.83        32.2    
2006-02-01    11.0        6.72        34.4    
2006-02-02    11.1        6.5         30.9    
2006-02-03    12.5        6.62        30.1    
2006-02-04    10.8        6.46        30.1    
2006-02-05    10.1        6.45        30.4    
2006-02-06    14.7        6.92        30.3    
2006-02-07    16.3        6.57        32.7    
2006-02-08    16.3        6.45        31.8    
2006-02-09    15.1        6.28        31.0    
2006-02-10    15.5        6.28        30.4    
2006-02-11    14.3        6.28        35.2    
2006-02-12    14.2        6.28        35.5    
2006-02-13    14.8        6.29        30.5    
2006-02-14    14.7        6.75        28.4    
2006-02-15    15.6        7.16        27.9    
2006-02-16    15.1        7.3         27.5    
2006-02-17    15.2        7.5         27.8    
2006-02-18    19.5        7.86        32.0    
2006-02-19    24.2        7.68        39.6    
2006-02-20    26.1        7.67        44.7    
2006-02-21    22.7        7.33        49.6    
2006-02-22    20.0        7.16        48.4    
2006-02-23    20.6        7.29        41.4    
2006-02-24    33.1        11.3        50.1    
2006-02-25    113.0       39.3        140.0   
2006-02-26    173.0       27.8        319.0   
2006-02-27    94.7        13.2        314.0   
2006-02-28    98.3        19.0        239.0   
2006-03-01    120.0       18.2        242.0   
2006-03-02    77.4        12.8        212.0   
2006-03-03    52.8        10.5        160.0   
2006-03-04    41.7        9.62        132.0   
2006-03-05    34.7        9.27        118.0   
2006-03-06    35.3        12.9        116.0   
2006-03-07    36.2        10.9        118.0   
2006-03-08    36.4        21.2        136.0   
2006-03-09    40.5        22.0        205.0   
2006-03-10    38.4        12.6        198.0   
2006-03-11    35.4        10.5        146.0   
2006-03-12    39.4        14.0        131.0   
2006-03-13    41.8        15.1        148.0   
2006-03-14    42.6        12.4        138.0   
2006-03-15    46.3        13.5        131.0   
2006-03-16    60.0        18.4        171.0   
2006-03-17    53.6        13.0        169.0   
2006-03-18    44.6        10.3        159.0   
2006-03-19    41.7        9.86        140.0   
2006-03-20    53.4        9.31        121.0   
2006-03-21    262.0       63.0        155.0   
2006-03-22    284.0       67.1        562.0   
2006-03-23    199.0       49.7        643.0   
2006-03-24    148.0       23.9        440.0   
2006-03-25    110.0       17.6        305.0   
2006-03-26    91.2        15.2        253.0   
2006-03-27    85.3        16.7        234.0   
2006-03-28    79.5        15.9        222.0   
2006-03-29    61.6        12.2        203.0   
2006-03-30    54.6        11.5        174.0   
2006-03-31    55.9        12.2        146.0   
2006-04-01    122.0       26.1        156.0   
2006-04-02    145.0       25.6        262.0   
2006-04-03    97.8        20.1        283.0   
2006-04-04    75.4        15.4        212.0   
2006-04-05    64.1        13.9        169.0   
2006-04-06    71.1        21.8        159.0   
2006-04-07    96.2        19.8        192.0   
2006-04-08    73.8        14.6        192.0   
2006-04-09    67.8        13.7        159.0   
2006-04-10    103.0       24.6        150.0   
2006-04-11    149.0       19.2        261.0   
2006-04-12    244.0       105.0       361.0   
2006-04-13    351.0       63.8        929.0   
2006-04-14    227.0       41.6        688.0   
2006-04-15    209.0       39.0        527.0   
2006-04-16    173.0       25.6        447.0   
2006-04-17    127.0       18.8        332.0   
2006-04-18    104.0       18.0        258.0   
2006-04-19    92.3        16.8        236.0   
2006-04-20    83.8        15.4        170.0   
2006-04-21    83.1        15.6        215.0   
2006-04-22    97.5        17.3        194.0   
2006-04-23    133.0       18.6        228.0   
2006-04-24    104.0       17.0        246.0   
2006-04-25    98.8        71.8        366.0   
2006-04-26    175.0       80.3        816.0   
2006-04-27    190.0       46.6        927.0   
2006-04-28    278.0       63.2        558.0   
2006-04-29    180.0       25.8        539.0   
2006-04-30    126.0       19.7        355.0   
2006-05-01    118.0       22.2        301.0   
2006-05-02    293.0       32.9        282.0   
2006-05-03    180.0       23.9        408.0   
2006-05-04    137.0       21.4        285.0   
2006-05-05    112.0       19.7        253.0   
2006-05-06    112.0       19.9        248.0   
2006-05-07    125.0       20.2        250.0   
2006-05-08    104.0       17.3        220.0   
2006-05-09    85.8        15.3        214.0   
2006-05-10    120.0       18.4        180.0   
2006-05-11    135.0       19.5        242.0   
2006-05-12    105.0       17.3        219.0   
2006-05-13    124.0       25.0        210.0   
2006-05-14    110.0       18.5        243.0   
2006-05-15    87.4        14.6        196.0   
2006-05-16    77.5        15.3        174.0   
2006-05-17    119.0       60.4        229.0   
2006-05-18    269.0       114.0       723.0   
2006-05-19    190.0       42.4        701.0   
2006-05-20    130.0       28.9        396.0   
2006-05-21    105.0       25.1        289.0   
2006-05-22    304.0       121.0       508.0   
2006-05-23    291.0       67.9        1050.0  
2006-05-24    200.0       38.0        552.0   
2006-05-25    149.0       36.6        471.0   
2006-05-26    142.0       40.5        405.0   
2006-05-27    152.0       36.6        418.0   
2006-05-28    119.0       26.8        368.0   
2006-05-29    101.0       27.7        295.0   
2006-05-30    96.9        24.4        293.0   
2006-05-31    256.0       228.0       861.0   
2006-06-01    448.0       177.0       2220.0  
2006-06-02    296.0       84.9        1280.0  
2006-06-03    220.0       63.9        720.0   
2006-06-04    169.0       98.22       625.0   
2006-06-05    183.0       81.3        554.0   
2006-06-06    297.0       75.7        553.0   
2006-06-07    474.0       271.0       984.0   
2006-06-08    624.0       197.0       1710.0  
2006-06-09    333.0       104.0       1390.0  
2006-06-10    200.0       67.3        758.0   
2006-06-11    163.0       52.8        547.0   
2006-06-12    169.0       46.5        468.0   
2006-06-13    138.0       43.5        427.0   
2006-06-14    156.0       69.0        418.0   
2006-06-15    307.0       91.7        784.0   
2006-06-16    189.0       56.1        754.0   
2006-06-17    193.0       54.0        526.0   
2006-06-18    271.0       83.2        608.0   
2006-06-19    208.0       62.0        953.0   
2006-06-20    151.0       42.0        542.0   
2006-06-21    118.0       30.7        405.0   
2006-06-22    108.0       27.1        336.0   
2006-06-23    98.8        27.5        300.0   
2006-06-24    91.6        26.8        283.0   
2006-06-25    158.0       49.5        254.0   
2006-06-26    210.0       49.0        396.0   
2006-06-27    137.0       28.7        385.0   
2006-06-28    110.0       27.8        301.0   
2006-06-29    102.0       28.7        314.0   
2006-06-30    96.6        24.6        269.0   
2006-07-01    85.0        21.9        239.0   
2006-07-02    77.5        21.6        184.0   
2006-07-03    77.6        23.4        281.0   
2006-07-04    74.2        21.2        152.0   
2006-07-05    75.6        21.2        164.0   
2006-07-06    76.4        21.2        167.0   
2006-07-07    73.3        22.0        174.0   
2006-07-08    79.6        22.8        166.0   
2006-07-09    117.0       21.7        180.0   
2006-07-10    120.0       26.7        213.0   
2006-07-11    93.5        19.2        214.0   
2006-07-12    77.2        17.9        185.0   
2006-07-13    69.7        19.4        163.0   
2006-07-14    78.9        21.3        165.0   
2006-07-15    338.0       64.5        403.0   
2006-07-16    294.0       50.7        737.0   
2006-07-17    247.0       41.4        613.0   
2006-07-18    181.0       23.1        450.0   
2006-07-19    108.0       17.8        316.0   
2006-07-20    84.9        18.8        213.0   
2006-07-21    74.6        18.2        183.0   
2006-07-22    65.3        17.4        156.0   
2006-07-23    59.4        17.6        137.0   
2006-07-24    57.3        16.0        127.0   
2006-07-25    58.4        16.8        127.0   
2006-07-26    160.0       31.5        176.0   
2006-07-27    140.0       32.2        324.0   
2006-07-28    127.0       24.4        281.0   
2006-07-29    105.0       19.4        254.0   
2006-07-30    83.5        18.5        212.0   
2006-07-31    68.7        16.4        184.0   
2006-08-01    62.0        15.7        148.0   
2006-08-02    57.0        13.9        140.0   
2006-08-03    69.5        16.9        106.0   
2006-08-04    123.0       23.0        156.0   
2006-08-05    96.2        17.8        212.0   
2006-08-06    75.4        14.8        173.0   
2006-08-07    63.4        16.7        132.0   
2006-08-08    59.0        15.9        116.0   
2006-08-09    54.8        16.4        117.0   
2006-08-10    50.9        14.3        109.0   
2006-08-11    48.0        13.3        111.0   
2006-08-12    53.8        13.3        120.0   
2006-08-13    53.4        12.3        128.0   
2006-08-14    48.1        12.0        92.0    
2006-08-15    53.8        20.7        102.0   
2006-08-16    97.2        18.8        99.0    
2006-08-17    67.5        12.6        143.0   
2006-08-18    56.5        11.6        116.0   
2006-08-19    52.9        12.8        110.0   
2006-08-20    48.7        10.8        104.0   
2006-08-21    43.8        9.71        99.5    
2006-08-22    45.0        10.7        85.2    
2006-08-23    46.8        18.0        79.3    
2006-08-24    50.8        26.6        89.6    
2006-08-25    53.5        20.1        128.0   
2006-08-26    55.0        24.7        137.0   
2006-08-27    55.1        18.7        126.0   
2006-08-28    46.4        15.0        110.0   
2006-08-29    42.6        12.6        103.0   
2006-08-30    37.5        11.1        79.6    
2006-08-31    40.7        9.91        83.6    
2006-09-01    40.2        10.1        74.3    
2006-09-02    46.0        10.8        76.9    
2006-09-03    49.0        13.5        84.7    
2006-09-04    46.3        12.7        76.8    
2006-09-05    54.1        14.1        82.8    
2006-09-06    70.4        16.2        129.0   
2006-09-07    50.0        13.7        142.0   
2006-09-08    44.9        14.2        98.9    
2006-09-09    102.0       144.0       185.0   
2006-09-10    116.0       37.8        380.0   
2006-09-11    83.1        21.2        251.0   
2006-09-12    76.0        20.7        194.0   
2006-09-13    77.7        22.9        191.0   
2006-09-14    69.7        18.2        207.0   
2006-09-15    58.6        16.4        165.0   
2006-09-16    50.4        16.2        136.0   
2006-09-17    46.3        15.6        134.0   
2006-09-18    44.3        13.7        115.0   
2006-09-19    41.2        13.6        117.0   
2006-09-20    42.5        12.5        101.0   
2006-09-21    41.5        11.2        100.0   
2006-09-22    39.2        10.2        94.9    
2006-09-23    38.8        10.3        93.3    
2006-09-24    36.2        10.4        88.6    
2006-09-25    37.6        9.15        85.2    
2006-09-26    35.7        9.61        80.6    
2006-09-27    37.0        9.38        83.7    
2006-09-28    34.0        9.14        80.8    
2006-09-29    34.1        9.09        78.8    
2006-09-30    33.7        8.27        80.3    
2006-10-01    32.9        8.37        75.5    
2006-10-02    33.7        9.11        70.7    
2006-10-03    34.1        8.25        59.9    
2006-10-04    35.6        10.1        59.4    
2006-10-05    30.8        9.86        59.3    
2006-10-06    27.8        8.86        68.6    
2006-10-07    27.6        8.62        53.9    
2006-10-08    27.9        8.52        22.6    
2006-10-09    28.5        10.2        62.9    
2006-10-10    29.5        9.61        52.6    
2006-10-11    28.6        9.75        52.2    
2006-10-12    29.2        9.82        54.1    
2006-10-13    29.8        9.27        55.8    
2006-10-14    30.2        10.9        59.9    
2006-10-15    28.7        11.6        67.0    
2006-10-16    28.1        10.2        56.2    
2006-10-17    27.1        10.2        57.8    
2006-10-18    30.5        11.2        55.8    
2006-10-19    34.3        12.1        64.9    
2006-10-20    29.8        11.5        67.1    
2006-10-21    28.5        10.5        77.7    
2006-10-22    28.7        10.5        59.7    
2006-10-23    27.4        10.5        77.9    
2006-10-24    26.3        9.72        65.0    
2006-10-25    26.9        10.0        60.1    
2006-10-26    25.7        9.64        60.7    
2006-10-27    25.1        9.6         57.1    
2006-10-28    25.9        9.84        61.1    
2006-10-29    25.2        10.4        67.7    
2006-10-30    23.3        10.1        71.4    
2006-10-31    25.0        9.3         65.0    
2006-11-01    25.3        8.92        51.4    
2006-11-02    23.5        9.02        55.7    
2006-11-03    23.4        9.25        54.3    
2006-11-04    23.0        7.85        51.2    
2006-11-05    21.2        7.76        57.3    
2006-11-06    20.5        7.88        46.5    
2006-11-07    20.6        8.31        45.5    
2006-11-08    20.3        7.58        44.3    
2006-11-09    20.2        7.76        49.5    
2006-11-10    20.2        7.76        39.5    
2006-11-11    19.3        7.75        43.0    
2006-11-12    19.3        7.57        38.4    
2006-11-13    18.7        7.57        37.5    
2006-11-14    19.2        7.84        33.8    
2006-11-15    19.2        7.25        37.2    
2006-11-16    18.4        7.03        43.3    
2006-11-17    22.5        7.92        48.6    
2006-11-18    138.0       41.4        78.2    
2006-11-19    230.0       29.2        307.0   
2006-11-20    112.0       17.2        312.0   
2006-11-21    127.0       37.7        266.0   
2006-11-22    165.0       35.4        389.0   
2006-11-23    98.3        16.0        312.0   
2006-11-24    65.8        13.0        200.0   
2006-11-25    72.3        17.9        153.0   
2006-11-26    232.0       106.0       322.0   
2006-11-27    220.0       42.4        608.0   
2006-11-28    106.0       18.1        364.0   
2006-11-29    90.1        17.0        238.0   
2006-11-30    90.6        16.3        223.0   
2006-12-01    77.4        12.6        185.0   
2006-12-02    68.5        11.9        169.0   
2006-12-03    62.9        11.8        139.0   
2006-12-04    57.9        9.84        127.0   
2006-12-05    54.0        9.4         120.0   
2006-12-06    52.1        8.8         118.0   
2006-12-07    50.9        10.0        115.0   
2006-12-08    49.2        10.4        111.0   
2006-12-09    47.0        9.96        107.0   
2006-12-10    46.9        10.3        113.0   
2006-12-11    46.9        10.6        100.0   
2006-12-12    45.8        10.3        92.9    
2006-12-13    46.2        11.1        101.0   
2006-12-14    70.8        22.9        143.0   
2006-12-15    87.6        17.8        178.0   
2006-12-16    60.4        13.4        193.0   
2006-12-17    50.9        12.5        142.0   
2006-12-18    47.1        11.6        131.0   
2006-12-19    44.8        10.8        117.0   
2006-12-20    42.4        10.4        107.0   
2006-12-21    40.8        11.0        94.1    
2006-12-22    40.0        10.3        106.0   
2006-12-23    35.4        10.3        90.6    
2006-12-24    32.7        9.86        88.3    
2006-12-25    31.4        10.4        88.9    
2006-12-26    31.3        10.6        84.6    
2006-12-27    29.8        9.97        64.2    
2006-12-28    28.9        10.0        66.8    
2006-12-29    27.3        10.2        90.1    
2006-12-30    26.8        9.89        56.4    
2006-12-31    26.5        10.5        72.4    
2007-01-01    25.8        9.36        71.5    
2007-01-02    25.2        9.7         76.4    
2007-01-03    29.9        9.81        64.4    
2007-01-04    32.9        12.0        59.1    
2007-01-05    28.2        10.6        73.9    
2007-01-06    26.3        9.84        70.0    
2007-01-07    26.5        9.24        74.7    
2007-01-08    25.8        8.95        63.4    
2007-01-09    25.0        8.24        60.3    
2007-01-10    24.8        8.64        64.8    
2007-01-11    24.4        9.41        64.1    
2007-01-12    23.6        9.41        42.6    
2007-01-13    23.8        9.41        58.6    
2007-01-14    24.3        9.25        52.0    
2007-01-15    23.7        9.33        52.5    
2007-01-16    22.0        8.42        55.2    
2007-01-17    20.8        9.06        62.4    
2007-01-18    19.4        8.84        70.9    
2007-01-19    20.0        8.57        44.5    
2007-01-20    21.7        9.28        55.1    
2007-01-21    47.5        13.2        66.3    
2007-01-22    57.7        11.2        88.0    
2007-01-23    45.3        13.3        143.0   
2007-01-24    42.3        11.5        136.0   
2007-01-25    35.1        10.3        102.0   
2007-01-26    30.8        9.86        63.1    
2007-01-27    28.5        10.4        92.9    
2007-01-28    27.1        9.82        73.0    
2007-01-29    25.2        9.18        53.3    
2007-01-30    24.0        8.31        48.9    
2007-01-31    22.3        8.17        51.6    
2007-02-01    21.1        8.43        70.2    
2007-02-02    20.2        9.02        70.2    
2007-02-03    19.2        8.86        80.6    
2007-02-04    19.2        8.84        83.0    
2007-02-05    18.5        9.46        59.2    
2007-02-06    19.8        8.43        45.1    
2007-02-07    19.8        8.2         27.9    
2007-02-08    19.1        8.04        38.6    
2007-02-09    18.6        7.86        50.3    
2007-02-10    18.7        8.14        40.4    
2007-02-11    17.1        8.0         57.1    
2007-02-12    16.1        7.98        30.1    
2007-02-13    16.2        7.83        45.0    
2007-02-14    17.5        8.53        36.8    
2007-02-15    18.6        9.78        39.8    
2007-02-16    22.9        10.3        41.2    
2007-02-17    59.7        19.1        81.5    
2007-02-18    88.1        28.0        164.0   
2007-02-19    67.0        17.2        233.0   
2007-02-20    58.3        20.3        217.0   
2007-02-21    64.8        18.2        204.0   
2007-02-22    53.9        14.0        190.0   
2007-02-23    46.7        11.5        149.0   
2007-02-24    43.3        12.1        123.0   
2007-02-25    60.9        15.1        140.0   
2007-02-26    58.7        12.0        120.0   
2007-02-27    50.6        11.3        115.0   
2007-02-28    50.7        11.0        109.0   
2007-03-01    51.2        11.1        91.8    
2007-03-02    62.4        14.4        114.0   
2007-03-03    57.4        12.4        136.0   
2007-03-04    52.5        11.8        131.0   
2007-03-05    59.2        11.5        141.0   
2007-03-06    55.3        13.9        137.0   
2007-03-07    52.4        12.4        143.0   
2007-03-08    57.8        14.5        135.0   
2007-03-09    71.7        17.8        194.0   
2007-03-10    78.0        17.9        254.0   
2007-03-11    75.1        15.6        227.0   
2007-03-12    68.1        18.8        204.0   
2007-03-13    68.1        19.6        189.0   
2007-03-14    65.2        14.7        172.0   
2007-03-15    61.3        12.7        151.0   
2007-03-16    57.9        11.9        142.0   
2007-03-17    53.3        11.4        137.0   
2007-03-18    53.1        11.4        124.0   
2007-03-19    67.9        15.8        135.0   
2007-03-20    70.4        13.4        158.0   
2007-03-21    50.4        11.2        174.0   
2007-03-22    44.1        10.6        132.0   
2007-03-23    38.7        10.1        84.8    
2007-03-24    38.8        10.2        102.0   
2007-03-25    63.4        11.6        148.0   
2007-03-26    84.4        38.4        194.0   
2007-03-27    259.0       76.2        394.0   
2007-03-28    160.0       24.7        531.0   
2007-03-29    105.0       17.0        325.0   
2007-03-30    83.8        13.7        241.0   
2007-03-31    71.3        13.8        180.0   
2007-04-01    63.2        13.6        176.0   
2007-04-02    137.0       53.0        308.0   
2007-04-03    157.0       30.2        528.0   
2007-04-04    106.0       17.0        359.0   
2007-04-05    85.2        15.6        266.0   
2007-04-06    80.3        15.3        215.0   
2007-04-07    72.3        13.6        173.0   
2007-04-08    67.3        14.6        166.0   
2007-04-09    63.8        13.0        178.0   
2007-04-10    61.5        12.1        127.0   
2007-04-11    60.7        13.0        142.0   
2007-04-12    54.3        11.1        132.0   
2007-04-13    49.4        10.3        110.0   
2007-04-14    47.8        10.6        114.0   
2007-04-15    67.1        24.2        145.0   
2007-04-16    67.7        14.2        164.0   
2007-04-17    71.9        13.8        155.0   
2007-04-18    124.0       20.7        236.0   
2007-04-19    84.6        11.9        256.0   
2007-04-20    62.1        11.0        169.0   
2007-04-21    43.8        10.9        139.0   
2007-04-22    47.4        11.0        115.0   
2007-04-23    139.0       72.2        339.0   
2007-04-24    155.0       93.1        513.0   
2007-04-25    127.0       34.0        574.0   
2007-04-26    88.2        17.6        340.0   
2007-04-27    71.1        14.3        254.0   
2007-04-28    89.6        31.0        228.0   
2007-04-29    141.0       42.2        232.0   
2007-04-30    199.0       51.7        309.0   
2007-05-01    146.0       24.6        384.0   
2007-05-02    99.3        18.4        296.0   
2007-05-03    74.5        15.8        208.0   
2007-05-04    59.8        14.0        184.0   
2007-05-05    67.5        17.5        157.0   
2007-05-06    75.1        19.3        184.0   
2007-05-07    61.0        14.4        159.0   
2007-05-08    50.3        11.4        150.0   
2007-05-09    43.7        10.9        117.0   
2007-05-10    41.8        10.4        108.0   
2007-05-11    39.6        9.22        95.8    
2007-05-12    37.0        9.1         102.0   
2007-05-13    38.1        8.71        105.0   
2007-05-14    36.9        9.24        90.2    
2007-05-15    37.0        8.77        87.1    
2007-05-16    39.2        9.13        203.0   
2007-05-17    44.0        9.85        116.0   
2007-05-18    44.8        10.4        114.0   
2007-05-19    43.9        11.0        42.2    
2007-05-20    39.8        10.1        86.3    
2007-05-21    38.0        10.2        95.8    
2007-05-22    36.5        10.3        98.6    
2007-05-23    36.6        10.8        97.8    
2007-05-24    38.9        10.6        93.0    
2007-05-25    144.0       58.6        261.0   
2007-05-26    115.0       21.5        422.0   
2007-05-27    74.9        107.0       344.0   
2007-05-28    61.3        44.8        611.0   
2007-05-29    80.7        25.1        389.0   
2007-05-30    91.4        16.8        319.0   
2007-05-31    98.8        13.7        290.0   
2007-06-01    75.5        12.1        244.0   
2007-06-02    159.0       35.0        455.0   
2007-06-03    151.0       48.1        641.0   
2007-06-04    116.0       85.6        710.0   
2007-06-05    267.0       71.6        785.0   
2007-06-06    323.0       41.0        706.0   
2007-06-07    194.0       67.4        632.0   
2007-06-08    237.0       175.0       1120.0  
2007-06-09    270.0       86.5        869.0   
2007-06-10    355.0       128.0       1070.0  
2007-06-11    253.0       85.5        1120.0  
2007-06-12    160.0       49.7        655.0   
2007-06-13    124.0       50.7        465.0   
2007-06-14    551.0       133.0       701.0   
2007-06-15    446.0       68.8        1530.0  
2007-06-16    216.0       36.9        716.0   
2007-06-17    155.0       29.2        494.0   
2007-06-18    130.0       32.5        414.0   
2007-06-19    118.0       25.0        362.0   
2007-06-20    107.0       25.4        322.0   
2007-06-21    94.6        23.2        310.0   
2007-06-22    90.5        21.5        280.0   
2007-06-23    81.6        20.8        240.0   
2007-06-24    73.0        19.4        231.0   
2007-06-25    66.9        19.0        232.0   
2007-06-26    105.0       39.7        215.0   
2007-06-27    88.8        19.7        251.0   
2007-06-28    76.7        34.2        208.0   
2007-06-29    85.6        72.8        267.0   
2007-06-30    90.2        23.9        271.0   
2007-07-01    83.6        20.4        190.0   
2007-07-02    74.4        21.2        191.0   
2007-07-03    68.5        18.7        193.0   
2007-07-04    59.8        16.6        159.0   
2007-07-05    54.9        17.2        154.0   
2007-07-06    53.3        15.7        147.0   
2007-07-07    51.9        14.6        132.0   
2007-07-08    44.1        18.6        124.0   
2007-07-09    43.4        16.3        103.0   
2007-07-10    40.0        16.1        96.7    
2007-07-11    37.4        15.8        89.0    
2007-07-12    38.0        13.5        87.0    
2007-07-13    42.9        12.5        86.0    
2007-07-14    44.8        13.6        102.0   
2007-07-15    60.5        19.4        112.0   
2007-07-16    73.4        25.1        134.0   
2007-07-17    56.2        15.5        146.0   
2007-07-18    46.3        13.6        109.0   
2007-07-19    40.7        12.7        82.7    
2007-07-20    36.6        13.7        84.9    
2007-07-21    33.4        11.8        58.8    
2007-07-22    33.2        11.4        64.8    
2007-07-23    31.9        9.64        59.1    
2007-07-24    30.3        10.1        48.6    
2007-07-25    28.5        9.81        47.9    
2007-07-26    28.3        8.92        52.8    
2007-07-27    27.8        8.68        55.6    
2007-07-28    26.6        8.71        43.4    
2007-07-29    21.9        10.6        46.5    
2007-07-30    19.2        9.23        40.5    
2007-07-31    20.4        9.35        41.2    
2007-08-01    19.2        8.38        45.4    
2007-08-02    18.6        9.27        40.3    
2007-08-03    19.8        9.47        36.2    
2007-08-04    56.8        42.8        103.0   
2007-08-05    65.5        24.8        253.0   
2007-08-06    47.5        14.3        187.0   
2007-08-07    32.0        10.7        122.0   
2007-08-08    25.6        10.5        89.1    
2007-08-09    22.3        9.8         99.2    
2007-08-10    22.4        12.2        81.1    
2007-08-11    21.2        10.2        73.6    
2007-08-12    24.9        11.8        69.6    
2007-08-13    25.3        21.2        81.9    
2007-08-14    26.1        16.6        170.0   
2007-08-15    29.0        13.4        224.0   
2007-08-16    126.0       23.5        374.0   
2007-08-17    110.0       13.2        329.0   
2007-08-18    55.8        11.0        212.0   
2007-08-19    40.4        15.9        169.0   
2007-08-20    56.2        43.2        304.0   
2007-08-21    231.0       39.8        644.0   
2007-08-22    158.0       18.0        477.0   
2007-08-23    122.0       15.1        335.0   
2007-08-24    83.7        16.2        253.0   
2007-08-25    77.4        14.3        211.0   
2007-08-26    89.4        13.7        199.0   
2007-08-27    65.9        24.1        209.0   
2007-08-28    52.8        12.3        227.0   
2007-08-29    51.8        13.2        178.0   
2007-08-30    65.2        16.4        166.0   
2007-08-31    74.0        20.1        161.0   
2007-09-01    65.3        15.3        178.0   
2007-09-02    194.0       58.6        198.0   
2007-09-03    202.0       36.3        361.0   
2007-09-04    131.0       22.4        326.0   
2007-09-05    96.0        18.5        254.0   
2007-09-06    78.4        15.5        206.0   
2007-09-07    66.0        14.1        185.0   
2007-09-08    56.5        13.0        149.0   
2007-09-09    57.2        12.1        140.0   
2007-09-10    76.3        12.8        147.0   
2007-09-11    148.0       17.5        187.0   
2007-09-12    121.0       16.4        259.0   
2007-09-13    89.9        12.2        213.0   
2007-09-14    68.7        11.8        165.0   
2007-09-15    58.0        11.5        152.0   
2007-09-16    54.5        11.1        128.0   
2007-09-17    54.6        9.99        116.0   
2007-09-18    52.2        10.2        119.0   
2007-09-19    49.2        10.0        109.0   
2007-09-20    46.4        10.2        125.0   
2007-09-21    44.9        9.67        88.0    
2007-09-22    44.7        9.44        98.7    
2007-09-23    43.7        9.45        96.0    
2007-09-24    42.4        9.83        86.1    
2007-09-25    39.6        10.9        78.9    
2007-09-26    36.7        9.75        83.5    
2007-09-27    36.1        9.25        71.0    
2007-09-28    30.4        9.15        79.7    
2007-09-29    28.7        8.64        70.5    
2007-09-30    23.4        7.56        63.2    
2007-10-01    25.6        7.4         49.6    
2007-10-02    27.3        6.41        49.4    
2007-10-03    27.9        7.28        56.2    
2007-10-04    25.4        6.56        61.4    
2007-10-05    24.1        6.56        57.6    
2007-10-06    24.6        6.62        48.7    
2007-10-07    23.7        7.34        54.4    
2007-10-08    25.9        7.43        58.3    
2007-10-09    28.3        7.43        51.2    
2007-10-10    27.5        7.42        56.4    
2007-10-11    25.0        7.04        72.8    
2007-10-12    26.2        7.39        47.3    
2007-10-13    24.7        7.77        54.2    
2007-10-14    24.8        7.64        52.6    
2007-10-15    25.6        7.88        55.8    
2007-10-16    26.0        9.27        48.3    
2007-10-17    26.0        9.66        55.0    
2007-10-18    26.8        10.5        50.4    
2007-10-19    26.3        8.14        48.6    
2007-10-20    25.0        7.48        62.5    
2007-10-21    24.8        7.42        44.6    
2007-10-22    24.3        7.03        49.6    
2007-10-23    26.4        6.98        48.7    
2007-10-24    25.8        9.16        52.2    
2007-10-25    25.6        7.05        44.7    
2007-10-26    25.1        6.95        52.3    
2007-10-27    25.3        7.22        51.7    
2007-10-28    24.0        7.09        49.8    
2007-10-29    23.2        6.55        54.8    
2007-10-30    24.1        6.31        47.0    
2007-10-31    24.3        6.9         38.7    
2007-11-01    23.7        6.71        48.5    
2007-11-02    23.6        7.69        45.3    
2007-11-03    23.8        7.18        42.0    
2007-11-04    23.0        6.56        45.0    
2007-11-05    22.6        6.45        50.7    
2007-11-06    22.8        6.4         50.7    
2007-11-07    23.2        6.6         49.7    
2007-11-08    23.1        6.59        53.1    
2007-11-09    21.8        6.29        44.3    
2007-11-10    22.9        6.25        39.2    
2007-11-11    22.0        6.25        40.4    
2007-11-12    22.3        6.26        39.6    
2007-11-13    22.4        6.56        36.6    
2007-11-14    21.3        6.53        45.3    
2007-11-15    20.7        6.39        45.5    
2007-11-16    19.3        6.29        35.4    
2007-11-17    19.1        6.25        37.0    
2007-11-18    19.7        6.12        39.1    
2007-11-19    20.3        6.08        32.1    
2007-11-20    20.4        5.93        36.9    
2007-11-21    19.5        6.2         44.6    
2007-11-22    19.6        5.96        33.3    
2007-11-23    19.6        5.92        42.2    
2007-11-24    18.7        5.92        33.2    
2007-11-25    19.8        6.06        40.1    
2007-11-26    18.5        6.25        38.7    
2007-11-27    17.0        6.12        31.6    
2007-11-28    16.4        6.21        32.7    
2007-11-29    16.8        6.25        33.6    
2007-11-30    18.2        6.25        32.0    
2007-12-01    18.5        6.26        35.8    
2007-12-02    16.6        6.56        32.5    
2007-12-03    15.7        6.59        41.8    
2007-12-04    16.2        6.29        34.8    
2007-12-05    16.4        6.26        30.0    
2007-12-06    16.5        6.55        36.2    
2007-12-07    17.0        6.29        31.4    
2007-12-08    17.4        6.27        28.3    
2007-12-09    17.1        6.9         31.7    
2007-12-10    17.0        6.98        34.3    
2007-12-11    16.1        6.98        33.7    
2007-12-12    15.9        6.98        35.9    
2007-12-13    15.6        6.98        30.7    
2007-12-14    15.4        6.97        31.5    
2007-12-15    15.8        6.65        34.3    
2007-12-16    16.4        6.94        30.7    
2007-12-17    17.4        6.97        31.7    
2007-12-18    16.4        6.64        33.0    
2007-12-19    17.3        6.47        28.0    
2007-12-20    19.0        6.6         36.7    
2007-12-21    17.6        6.68        35.6    
2007-12-22    20.1        9.85        41.3    
2007-12-23    27.2        19.3        63.3    
2007-12-24    42.9        14.9        124.0   
2007-12-25    41.2        10.2        135.0   
2007-12-26    28.5        10.2        102.0   
2007-12-27    23.9        10.2        74.1    
2007-12-28    22.1        9.52        56.4    
2007-12-29    21.4        9.41        42.8    
2007-12-30    20.2        8.36        44.9    
2007-12-31    20.2        8.2         60.3    
